<?xml version="1.0"?>
<opencv_storage>
<pose type_id="opencv-matrix">
  <rows>4</rows>
  <cols>4</cols>
  <dt>f</dt>
  <data>
    9.99992669e-01 -3.83271207e-03 -2.06485027e-04 1.34413678e-03
    3.83068412e-03 9.99951661e-01 -9.05916002e-03 1.51219079e-04
    2.41196205e-04 9.05830227e-03 9.99958992e-01 -4.12200752e-04 0. 0.
    0. 1.</data></pose>
</opencv_storage>
