<?xml version="1.0"?>
<opencv_storage>
<pose type_id="opencv-matrix">
  <rows>4</rows>
  <cols>4</cols>
  <dt>f</dt>
  <data>
    9.99993145e-01 3.41178966e-03 -1.42714474e-03 -9.27924737e-03
    -3.39949830e-03 9.99957800e-01 8.52836855e-03 -2.92188558e-03
    1.45618175e-03 -8.52345861e-03 9.99962568e-01 -2.18494423e-03 0. 0.
    0. 1.</data></pose>
</opencv_storage>
