<?xml version="1.0"?>
<opencv_storage>
<pose type_id="opencv-matrix">
  <rows>4</rows>
  <cols>4</cols>
  <dt>f</dt>
  <data>
    9.99998391e-01 1.58177922e-04 -1.78936520e-03 -1.05563505e-02
    -7.19627815e-06 9.96460378e-01 8.40643197e-02 -2.33935611e-03
    1.79632870e-03 -8.40641633e-02 9.96458709e-01 -6.19622692e-03 0. 0.
    0. 1.</data></pose>
</opencv_storage>
